M =  100
   0.97698   0.90325   1.01076   0.90325   0.87483   0.90003   1.01076   0.90003   0.89234
   0.097427   0.081967   0.091724   0.081967   0.079188   0.081469   0.091724   0.081469   0.080773
   0.72947   0.70470   0.78859   0.70470   0.68467   0.70439   0.78859   0.70439   0.69837
   1.2087   1.0813   1.2100   1.0813   1.0507   1.0809   1.2100   1.0809   1.0717



M = 1000
   0.95993   0.89482   1.00133   0.89482   0.86694   0.89192   1.00133   0.89192   0.88430
   0.111880   0.095227   0.106562   0.095227   0.092489   0.095153   0.106562   0.095153   0.094340
   0.62690   0.62600   0.70052   0.62600   0.60805   0.62557   0.70052   0.62557   0.62022
   1.3626   1.2474   1.3959   1.2474   1.2092   1.2441   1.3959   1.2441   1.2334
   
?>> testVRF(100)
   100   100
   0.10142311   0.04288085   0.00655035   0.04288085   0.02321384   0.00385706   0.00655035   0.00385706   0.00066501
   0.08742759   0.04099485   0.00651555   0.04099485   0.02164989   0.00361758   0.00651555   0.00361758   0.00061813
   0.03168186   0.01419850   0.00217487   0.01419850   0.00754303   0.00123727   0.00217487   0.00123727   0.00020965
   0.04321167   0.02066766   0.00324697   0.02066766   0.01078031   0.00178826   0.00324697   0.00178826   0.00030518
   0.1700802   0.0804801   0.0126563   0.0804801   0.0428958   0.0071527   0.0126563   0.0071527   0.0012274
>> testVRF(10000)
   10000     100
   0.10142311   0.04288085   0.00655035   0.04288085   0.02321384   0.00385706   0.00655035   0.00385706   0.00066501
   0.08700378   0.04011314   0.00631366   0.04011314   0.02101106   0.00349422   0.00631366   0.00349422   0.00059552
   0.03429160   0.01459992   0.00218095   0.01459992   0.00765751   0.00125048   0.00218095   0.00125048   0.00021292
   0.02461802   0.01124985   0.00181906   0.01124985   0.00635118   0.00108330   0.00181906   0.00108330   0.00018474
   0.3566192   0.1348181   0.0209193   0.1348181   0.0728524   0.0121474   0.0209193   0.0121474   0.0020920
>> testVRF(100000)
   100000      100
   0.10142311   0.04288085   0.00655035   0.04288085   0.02321384   0.00385706   0.00655035   0.00385706   0.00066501
   0.08694014   0.04010322   0.00631404   0.04010322   0.02100532   0.00349336   0.00631404   0.00349336   0.00059533
   0.03344197   0.01427861   0.00213616   0.01427861   0.00750965   0.00122715   0.00213616   0.00122715   0.00020900
   0.02163462   0.01023767   0.00171308   0.01023767   0.00525470   0.00087433   0.00171308   0.00087433   0.00014916
   0.3624071   0.1457608   0.0224855   0.1457608   0.0763582   0.0125621   0.0224855   0.0125621   0.0021610   
   
 >> testVRF(100)
   100   200
   0.10142311   0.04288085   0.00655035   0.04288085   0.02321384   0.00385706   0.00655035   0.00385706   0.00066501
   0.09473908   0.04184223   0.00644164   0.04184223   0.02216509   0.00367759   0.00644164   0.00367759   0.00063021
   0.02690174   0.01115236   0.00166505   0.01115236   0.00609768   0.00100417   0.00166505   0.00100417   0.00017327
   0.04037784   0.01982960   0.00330038   0.01982960   0.01045635   0.00178403   0.00330038   0.00178403   0.00030742
   0.1998704   0.0903020   0.0141094   0.0903020   0.0484826   0.0081082   0.0141094   0.0081082   0.0013978
   1.1162   1.0405   1.0169   1.0808   1.0647   1.0488   1.0773   1.0669   1.0552
   1.0706   1.0248   1.0169   1.0248   1.0473   1.0488   1.0169   1.0488   1.0552
   1.02564   1.00917   1.01688   0.96980   1.02991   1.04880   0.95752   1.03072   1.05522
   0.98141   0.99351   1.01688   0.91571   1.01251   1.04880   0.89919   1.01263   1.05522
   1.06302   1.03934   1.01596   0.99287
>> testVRF(10000)
   10000     200
   0.10142311   0.04288085   0.00655035   0.04288085   0.02321384   0.00385706   0.00655035   0.00385706   0.00066501
   0.09440876   0.04185867   0.00645950   0.04185867   0.02222553   0.00369065   0.00645950   0.00369065   0.00063267
   0.02561964   0.01052947   0.00157370   0.01052947   0.00568551   0.00093150   0.00157370   0.00093150   0.00015995
   0.03415147   0.01720309   0.00268609   0.01720309   0.00912555   0.00154600   0.00268609   0.00154600   0.00026562
   0.2508876   0.0980933   0.0147189   0.0980933   0.0548935   0.0088125   0.0147189   0.0088125   0.0015166
   1.1201   1.0401   1.0141   1.0803   1.0618   1.0451   1.0743   1.0631   1.0511
   1.0743   1.0244   1.0141   1.0244   1.0445   1.0451   1.0141   1.0451   1.0511
   1.02922   1.00877   1.01406   0.96942   1.02711   1.04509   0.95487   1.02707   1.05111
   0.98484   0.99312   1.01406   0.91535   1.00976   1.04509   0.89670   1.00905   1.05111
   1.06111   1.03745   1.01408   0.99101
   
noise sigma =0.001

>> testVRF(100,500)
   100   500
   0.10142311   0.04288085   0.00655035   0.04288085   0.02321384   0.00385706   0.00655035   0.00385706   0.00066501
   0.09515529   0.04164758   0.00642803   0.04164758   0.02231502   0.00371300   0.00642803   0.00371300   0.00063846
   0.01604838   0.00659468   0.00099634   0.00659468   0.00359358   0.00059004   0.00099634   0.00059004   0.00010127
   0.06192602   0.02821701   0.00435956   0.02821701   0.01487796   0.00248472   0.00435956   0.00248472   0.00042808
   0.13267298   0.05706541   0.00898013   0.05706541   0.03050555   0.00510156   0.00898013   0.00510156   0.00087707
   1.1113   1.0453   1.0190   1.0858   1.0576   1.0388   1.0796   1.0567   1.0416
   1.0659   1.0296   1.0190   1.0296   1.0403   1.0388   1.0190   1.0388   1.0416
   1.02115   1.01388   1.01903   0.97434   1.02299   1.03880   0.95954   1.02089   1.04158
   0.97712   0.99816   1.01903   0.91999   1.00571   1.03880   0.90109   1.00298   1.04158
   1.05952   1.03585   1.01247   0.98938
>> testVRF(100,5000)
    100   5000
   0.10142311   0.04288085   0.00655035   0.04288085   0.02321384   0.00385706   0.00655035   0.00385706   0.00066501
   0.10000018   0.04244764   0.00649593   0.04244764   0.02295091   0.00381500   0.00649593   0.00381500   0.00065763
   0.005333268   0.002239798   0.000343753   0.002239798   0.001222823   0.000202209   0.000343753   0.000202209   0.000034891
   0.08955597   0.03818292   0.00583225   0.03818292   0.02056172   0.00342389   0.00583225   0.00342389   0.00059010
   0.11605170   0.04921590   0.00752390   0.04921590   0.02664293   0.00442686   0.00752390   0.00442686   0.00076324
   1.0574   1.0256   1.0084   1.0653   1.0283   1.0110   1.0683   1.0285   1.0112
   1.0142   1.0102   1.0084   1.0102   1.0115   1.0110   1.0084   1.0110   1.0112
   0.97168   0.99477   1.00838   0.95597   0.99465   1.01102   0.94951   0.99359   1.01122
   0.92978   0.97934   1.00838   0.90265   0.97784   1.01102   0.89167   0.97616   1.01122
   1.03378   1.01068   0.98787   0.96534
>> testVRF(100,10000)
     100   10000
   0.10142311   0.04288085   0.00655035   0.04288085   0.02321384   0.00385706   0.00655035   0.00385706   0.00066501
   0.10109924   0.04274706   0.00652971   0.04274706   0.02313456   0.00384372   0.00652971   0.00384372   0.00066265
   0.003668888   0.001451407   0.000220560   0.001451407   0.000791721   0.000130170   0.000220560   0.000130170   0.000022434
   0.09291397   0.03984921   0.00608489   0.03984921   0.02156968   0.00358437   0.00608489   0.00358437   0.00061798
   0.11130702   0.04690292   0.00713687   0.04690292   0.02541672   0.00421845   0.00713687   0.00421845   0.00072731
   1.0459   1.0185   1.0032   1.0579   1.0201   1.0035   1.0627   1.0208   1.0036
   1.0032   1.0031   1.0032   1.0031   1.0034   1.0035   1.0032   1.0035   1.0036
   0.96111   0.98781   1.00316   0.94928   0.98675   1.00347   0.94460   0.98617   1.00356
   0.91967   0.97248   1.00316   0.89632   0.97008   1.00347   0.88706   0.96887   1.00356
   1.02623   1.00330   0.98066   0.95830
   
   noise sigma =0.1
>> testVRF(100,10000)
     100   10000
   0.10142311   0.04288085   0.00655035   0.04288085   0.02321384   0.00385706   0.00655035   0.00385706   0.00066501
   0.10110759   0.04265238   0.00650895   0.04265238   0.02308849   0.00383501   0.00650895   0.00383501   0.00066115
   0.004052039   0.001604654   0.000241552   0.001604654   0.000876689   0.000144035   0.000241552   0.000144035   0.000024838
   0.09188958   0.03929745   0.00597593   0.03929745   0.02121476   0.00353404   0.00597593   0.00353404   0.00060925
   0.10973303   0.04614903   0.00707240   0.04614903   0.02493780   0.00414738   0.00707240   0.00414738   0.00071503
   1.0459   1.0207   1.0064   1.0602   1.0221   1.0057   1.0661   1.0231   1.0058
   1.0031   1.0054   1.0064   1.0054   1.0054   1.0057   1.0064   1.0057   1.0058
   0.96103   0.99000   1.00636   0.95138   0.98872   1.00575   0.94761   0.98841   1.00584
   0.91959   0.97464   1.00636   0.89831   0.97202   1.00575   0.88989   0.97107   1.00584
   1.02846   1.00548   0.98279   0.96039
   
   noise sigma =1
     100   10000
 VRF   0.10142311   0.04288085   0.00655035   0.04288085   0.02321384   0.00385706   0.00655035   0.00385706   0.00066501
 mean  0.10146943   0.04300300   0.00657076   0.04300300   0.02326836   0.00386626   0.00657076   0.00386626   0.00066654
 std   0.003970877   0.001584635   0.000234361   0.001584635   0.000868657   0.000142203   0.000234361   0.000142203   0.000024514
 min   0.09362849   0.03983823   0.00610390   0.03983823   0.02153265   0.00357999   0.00610390   0.00357999   0.00061706
 max   0.11220352   0.04826536   0.00738605   0.04826536   0.02610743   0.00433963   0.00738605   0.00433963   0.00074812
   1.04213   1.01239   0.99689   1.05159   1.01423   0.99762   1.05610   1.01482   0.99771
   0.99954   0.99716   0.99689   0.99716   0.99766   0.99762   0.99689   0.99762   0.99771
   0.95761   0.98193   0.99689   0.94363   0.98108   0.99762   0.93870   0.98042   0.99771
   0.91631   0.96669   0.99689   0.89099   0.96450   0.99762   0.88152   0.96322   0.99771
   1.02039   0.99758   0.97507   0.95283

   Python
   100 1000
V [           0.101     0.0429    0.00655     0.0429     0.0232    0.00386    0.00655    0.00386   0.000665]
means = [     0.101     0.0432    0.00663     0.0432     0.0233    0.00387    0.00663    0.00387   0.000667]
stds  = [    0.0128    0.00503   0.000749    0.00503    0.00275    0.00045   0.000749    0.00045   7.76e-05]
mins  = [    0.0769     0.0341    0.00523     0.0341     0.0183    0.00307    0.00523    0.00307   0.000528]
maxs  = [      0.13     0.0549    0.00835     0.0549     0.0298    0.00494    0.00835    0.00494   0.000851]
   
V [     0.101     0.0429    0.00655     0.0429     0.0232    0.00386    0.00655    0.00386   0.000665]
means = [    0.0988     0.0422    0.00645     0.0422     0.0227    0.00377    0.00645    0.00377    0.00065]
stds  = [    0.0141    0.00564   0.000834    0.00564    0.00307   0.000501   0.000834   0.000501   8.63e-05]
mins  = [    0.0666     0.0295     0.0046     0.0295     0.0158    0.00265     0.0046    0.00265   0.000457]
maxs  = [     0.147      0.057    0.00882      0.057     0.0314    0.00509    0.00882    0.00509   0.000877]
[      1.03       1.02       1.02       1.02       1.02       1.02       1.02       1.02       1.02]

   100 10000
V= [     0.101     0.0429    0.00655     0.0429     0.0232    0.00386    0.00655    0.00386   0.000665]
V [     0.101     0.0429    0.00655     0.0429     0.0232    0.00386    0.00655    0.00386   0.000665]
means = [     0.101     0.0427    0.00653     0.0427     0.0231    0.00384    0.00653    0.00384   0.000662]
stds  = [   0.00421    0.00171   0.000253    0.00171   0.000942   0.000154   0.000253   0.000154   2.66e-05]
mins  = [    0.0934     0.0394    0.00604     0.0394     0.0213    0.00355    0.00604    0.00355   0.000612]
maxs  = [     0.114     0.0483    0.00728     0.0483     0.0262    0.00434    0.00728    0.00434   0.000749]
[      1.01          1          1          1          1          1          1          1          1]   